(kicad_pcb (version 20171130) (host pcbnew "(5.1.2)-2")

  (general
    (thickness 1.6)
    (drawings 3)
    (tracks 276)
    (zones 0)
    (modules 14)
    (nets 8)
  )

  (page A4)
  (layers
    (0 F.Cu signal)
    (31 B.Cu signal)
    (32 B.Adhes user)
    (33 F.Adhes user)
    (34 B.Paste user)
    (35 F.Paste user)
    (36 B.SilkS user)
    (37 F.SilkS user)
    (38 B.Mask user)
    (39 F.Mask user)
    (40 Dwgs.User user)
    (41 Cmts.User user)
    (42 Eco1.User user)
    (43 Eco2.User user)
    (44 Edge.Cuts user)
    (45 Margin user)
    (46 B.CrtYd user)
    (47 F.CrtYd user)
    (48 B.Fab user)
    (49 F.Fab user)
  )

  (setup
    (last_trace_width 0.25)
    (trace_clearance 0.2)
    (zone_clearance 0.508)
    (zone_45_only no)
    (trace_min 0.2)
    (via_size 0.8)
    (via_drill 0.4)
    (via_min_size 0.4)
    (via_min_drill 0.3)
    (uvia_size 0.3)
    (uvia_drill 0.1)
    (uvias_allowed no)
    (uvia_min_size 0.2)
    (uvia_min_drill 0.1)
    (edge_width 0.05)
    (segment_width 0.2)
    (pcb_text_width 0.3)
    (pcb_text_size 1.5 1.5)
    (mod_edge_width 0.12)
    (mod_text_size 1 1)
    (mod_text_width 0.15)
    (pad_size 1.07 1.8)
    (pad_drill 0.9)
    (pad_to_mask_clearance 0.051)
    (solder_mask_min_width 0.25)
    (aux_axis_origin 80.01 140.01)
    (grid_origin 80.01 140.01)
    (visible_elements 7FFFFFFF)
    (pcbplotparams
      (layerselection 0x090fc_ffffffff)
      (usegerberextensions true)
      (usegerberattributes false)
      (usegerberadvancedattributes false)
      (creategerberjobfile false)
      (excludeedgelayer true)
      (linewidth 0.100000)
      (plotframeref false)
      (viasonmask false)
      (mode 1)
      (useauxorigin false)
      (hpglpennumber 1)
      (hpglpenspeed 20)
      (hpglpendiameter 15.000000)
      (psnegative false)
      (psa4output false)
      (plotreference true)
      (plotvalue true)
      (plotinvisibletext false)
      (padsonsilk false)
      (subtractmaskfromsilk true)
      (outputformat 1)
      (mirror false)
      (drillshape 0)
      (scaleselection 1)
      (outputdirectory "C:/Users/YUUTA ISHII/Desktop/HS-TAGLED001/"))
  )

  (net 0 "")
  (net 1 "Net-(D1-Pad1)")
  (net 2 "Net-(D1-Pad2)")
  (net 3 "Net-(D1-Pad3)")
  (net 4 "Net-(D1-Pad4)")
  (net 5 "Net-(J2-Pad1)")
  (net 6 "Net-(J2-Pad2)")
  (net 7 "Net-(J2-Pad3)")

  (net_class Default "これはデフォルトのネット クラスです。"
    (clearance 0.2)
    (trace_width 0.25)
    (via_dia 0.8)
    (via_drill 0.4)
    (uvia_dia 0.3)
    (uvia_drill 0.1)
    (add_net "Net-(D1-Pad1)")
    (add_net "Net-(D1-Pad2)")
    (add_net "Net-(D1-Pad3)")
    (add_net "Net-(D1-Pad4)")
    (add_net "Net-(J2-Pad1)")
    (add_net "Net-(J2-Pad2)")
    (add_net "Net-(J2-Pad3)")
  )

  (module OptoDevice:Vishay_MINICAST-3Pin (layer F.Cu) (tedit 5D74DACD) (tstamp 5D745B78)
    (at 115.867865 104.025135 315)
    (descr "IR Receiver Vishay TSOP-xxxx, MINICAST package, see https://www.vishay.com/docs/82669/tsop32s40f.pdf")
    (tags "IR Receiver Vishay TSOP-xxxx MINICAST")
    (path /5D5A22C4)
    (fp_text reference U1 (at -0.04 -2.4 135) (layer F.SilkS)
      (effects (font (size 1 1) (thickness 0.15)))
    )
    (fp_text value TSOP59540TR1 (at 0.01 4.6 135) (layer F.Fab)
      (effects (font (size 1 1) (thickness 0.15)))
    )
    (fp_text user %R (at 0 0 315) (layer F.Fab)
      (effects (font (size 1 1) (thickness 0.15)))
    )
    (fp_line (start 2.6 -1.16) (end 2.6 -1.51) (layer F.SilkS) (width 0.12))
    (fp_line (start 2.6 -1.51) (end 0 -1.51) (layer F.SilkS) (width 0.12))
    (fp_line (start 2.6 1.16) (end 2.6 1.5) (layer F.SilkS) (width 0.12))
    (fp_line (start 2.6 1.5) (end -2.49 1.5) (layer F.SilkS) (width 0.12))
    (fp_line (start -1.75 -1.4) (end 2.5 -1.4) (layer F.Fab) (width 0.1))
    (fp_line (start 2.5 -1.4) (end 2.5 1.4) (layer F.Fab) (width 0.1))
    (fp_line (start 2.5 1.4) (end -2.5 1.4) (layer F.Fab) (width 0.1))
    (fp_line (start -2.5 1.4) (end -2.5 -0.65) (layer F.Fab) (width 0.1))
    (fp_line (start -3.69 -1.65) (end 3.69 -1.65) (layer F.CrtYd) (width 0.05))
    (fp_line (start -3.69 -1.65) (end -3.69 3.7) (layer F.CrtYd) (width 0.05))
    (fp_line (start 3.69 3.7) (end 3.69 -1.65) (layer F.CrtYd) (width 0.05))
    (fp_line (start 3.69 3.7) (end -3.69 3.7) (layer F.CrtYd) (width 0.05))
    (fp_arc (start 0 1.4) (end 2.1 1.5) (angle 174.5) (layer F.SilkS) (width 0.12))
    (fp_arc (start 0 1.4) (end 2 1.4) (angle 180) (layer F.Fab) (width 0.1))
    (fp_line (start -1.75 -1.4) (end -2.5 -0.65) (layer F.Fab) (width 0.1))
    (pad 1 thru_hole roundrect (at -2.54 0 315) (size 1.8 1.8) (drill 0.9) (layers *.Cu *.Mask) (roundrect_rratio 0.139)
      (net 5 "Net-(J2-Pad1)"))
    (pad 2 thru_hole circle (at 0 0 315) (size 1.8 1.8) (drill 0.9) (layers *.Cu *.Mask)
      (net 6 "Net-(J2-Pad2)"))
    (pad 3 thru_hole circle (at 2.54 0 315) (size 1.8 1.8) (drill 0.9) (layers *.Cu *.Mask)
      (net 7 "Net-(J2-Pad3)"))
    (model ${KISYS3DMOD}/OptoDevice.3dshapes/Vishay_MINICAST-3Pin.wrl
      (at (xyz 0 0 0))
      (scale (xyz 1 1 1))
      (rotate (xyz 0 0 0))
    )
  )

  (module OptoDevice:Vishay_MINICAST-3Pin (layer F.Cu) (tedit 5D7522FA) (tstamp 5D74D99D)
    (at 130.01 64.955 180)
    (descr "IR Receiver Vishay TSOP-xxxx, MINICAST package, see https://www.vishay.com/docs/82669/tsop32s40f.pdf")
    (tags "IR Receiver Vishay TSOP-xxxx MINICAST")
    (path /5D5A22C4)
    (fp_text reference U1 (at -0.04 -2.4) (layer F.SilkS)
      (effects (font (size 1 1) (thickness 0.15)))
    )
    (fp_text value TSOP59540TR1 (at 0.01 4.6) (layer F.Fab)
      (effects (font (size 1 1) (thickness 0.15)))
    )
    (fp_line (start -1.75 -1.4) (end -2.5 -0.65) (layer F.Fab) (width 0.1))
    (fp_arc (start 0 1.4) (end 2 1.4) (angle 180) (layer F.Fab) (width 0.1))
    (fp_arc (start 0 1.4) (end 2.1 1.5) (angle 174.5) (layer F.SilkS) (width 0.12))
    (fp_line (start 3.69 3.7) (end -3.69 3.7) (layer F.CrtYd) (width 0.05))
    (fp_line (start 3.69 3.7) (end 3.69 -1.65) (layer F.CrtYd) (width 0.05))
    (fp_line (start -3.69 -1.65) (end -3.69 3.7) (layer F.CrtYd) (width 0.05))
    (fp_line (start -3.69 -1.65) (end 3.69 -1.65) (layer F.CrtYd) (width 0.05))
    (fp_line (start -2.5 1.4) (end -2.5 -0.65) (layer F.Fab) (width 0.1))
    (fp_line (start 2.5 1.4) (end -2.5 1.4) (layer F.Fab) (width 0.1))
    (fp_line (start 2.5 -1.4) (end 2.5 1.4) (layer F.Fab) (width 0.1))
    (fp_line (start -1.75 -1.4) (end 2.5 -1.4) (layer F.Fab) (width 0.1))
    (fp_line (start 2.6 1.5) (end -2.49 1.5) (layer F.SilkS) (width 0.12))
    (fp_line (start 2.6 1.16) (end 2.6 1.5) (layer F.SilkS) (width 0.12))
    (fp_line (start 2.6 -1.51) (end 0 -1.51) (layer F.SilkS) (width 0.12))
    (fp_line (start 2.6 -1.16) (end 2.6 -1.51) (layer F.SilkS) (width 0.12))
    (fp_text user %R (at 0 0 180) (layer F.Fab)
      (effects (font (size 1 1) (thickness 0.15)))
    )
    (pad 3 thru_hole circle (at 2.54 0 180) (size 1.8 1.8) (drill 0.9) (layers *.Cu *.Mask)
      (net 7 "Net-(J2-Pad3)"))
    (pad 2 thru_hole circle (at 0 0 180) (size 1.8 1.8) (drill 0.9) (layers *.Cu *.Mask)
      (net 6 "Net-(J2-Pad2)"))
    (pad 1 thru_hole roundrect (at -2.54 0 180) (size 1.8 1.8) (drill 0.9) (layers *.Cu *.Mask) (roundrect_rratio 0.139)
      (net 5 "Net-(J2-Pad1)"))
    (model ${KISYS3DMOD}/OptoDevice.3dshapes/Vishay_MINICAST-3Pin.wrl
      (at (xyz 0 0 0))
      (scale (xyz 1 1 1))
      (rotate (xyz 0 0 0))
    )
  )

  (module Connector_PinHeader_2.54mm:PinHeader_1x04_P2.54mm_Vertical (layer B.Cu) (tedit 5D73E2B5) (tstamp 5D7581C7)
    (at 133.81 127.91 90)
    (descr "Through hole straight pin header, 1x04, 2.54mm pitch, single row")
    (tags "Through hole pin header THT 1x04 2.54mm single row")
    (path /5D5E563C)
    (fp_text reference D2 (at 0 2.33 270) (layer B.SilkS)
      (effects (font (size 1 1) (thickness 0.15)) (justify mirror))
    )
    (fp_text value LED_ARGB (at 0 -9.95 270) (layer B.Fab)
      (effects (font (size 1 1) (thickness 0.15)) (justify mirror))
    )
    (fp_line (start -0.635 1.27) (end 1.27 1.27) (layer B.Fab) (width 0.1))
    (fp_line (start 1.27 1.27) (end 1.27 -8.89) (layer B.Fab) (width 0.1))
    (fp_line (start 1.27 -8.89) (end -1.27 -8.89) (layer B.Fab) (width 0.1))
    (fp_line (start -1.27 -8.89) (end -1.27 0.635) (layer B.Fab) (width 0.1))
    (fp_line (start -1.27 0.635) (end -0.635 1.27) (layer B.Fab) (width 0.1))
    (fp_line (start -1.33 -8.95) (end 1.33 -8.95) (layer B.SilkS) (width 0.12))
    (fp_line (start -1.33 -1.27) (end -1.33 -8.95) (layer B.SilkS) (width 0.12))
    (fp_line (start 1.33 -1.27) (end 1.33 -8.95) (layer B.SilkS) (width 0.12))
    (fp_line (start -1.33 -1.27) (end 1.33 -1.27) (layer B.SilkS) (width 0.12))
    (fp_line (start -1.33 0) (end -1.33 1.33) (layer B.SilkS) (width 0.12))
    (fp_line (start -1.33 1.33) (end 0 1.33) (layer B.SilkS) (width 0.12))
    (fp_line (start -1.8 1.8) (end -1.8 -9.4) (layer B.CrtYd) (width 0.05))
    (fp_line (start -1.8 -9.4) (end 1.8 -9.4) (layer B.CrtYd) (width 0.05))
    (fp_line (start 1.8 -9.4) (end 1.8 1.8) (layer B.CrtYd) (width 0.05))
    (fp_line (start 1.8 1.8) (end -1.8 1.8) (layer B.CrtYd) (width 0.05))
    (fp_text user %R (at 0 -3.81) (layer B.Fab)
      (effects (font (size 1 1) (thickness 0.15)) (justify mirror))
    )
    (pad 1 thru_hole rect (at 0 0 90) (size 1.7 1.7) (drill 1) (layers *.Cu *.Mask)
      (net 1 "Net-(D1-Pad1)"))
    (pad 2 thru_hole oval (at 0 -2.54 90) (size 1.7 1.7) (drill 1) (layers *.Cu *.Mask)
      (net 2 "Net-(D1-Pad2)"))
    (pad 3 thru_hole oval (at 0 -5.08 90) (size 1.7 1.7) (drill 1) (layers *.Cu *.Mask)
      (net 3 "Net-(D1-Pad3)"))
    (pad 4 thru_hole oval (at 0 -7.62 90) (size 1.7 1.7) (drill 1) (layers *.Cu *.Mask)
      (net 4 "Net-(D1-Pad4)"))
    (model ${KISYS3DMOD}/Connector_PinHeader_2.54mm.3dshapes/PinHeader_1x04_P2.54mm_Vertical.wrl
      (at (xyz 0 0 0))
      (scale (xyz 1 1 1))
      (rotate (xyz 0 0 0))
    )
  )

  (module Connector_PinHeader_2.54mm:PinHeader_1x03_P2.54mm_Vertical (layer B.Cu) (tedit 59FED5CC) (tstamp 5D758141)
    (at 132.71 79.51 90)
    (descr "Through hole straight pin header, 1x03, 2.54mm pitch, single row")
    (tags "Through hole pin header THT 1x03 2.54mm single row")
    (path /5D745688)
    (fp_text reference J2 (at 0 2.33 -90) (layer B.SilkS)
      (effects (font (size 1 1) (thickness 0.15)) (justify mirror))
    )
    (fp_text value Conn_01x03 (at 0 -7.41 -90) (layer B.Fab)
      (effects (font (size 1 1) (thickness 0.15)) (justify mirror))
    )
    (fp_text user %R (at 0 -2.54) (layer B.Fab)
      (effects (font (size 1 1) (thickness 0.15)) (justify mirror))
    )
    (fp_line (start 1.8 1.8) (end -1.8 1.8) (layer B.CrtYd) (width 0.05))
    (fp_line (start 1.8 -6.85) (end 1.8 1.8) (layer B.CrtYd) (width 0.05))
    (fp_line (start -1.8 -6.85) (end 1.8 -6.85) (layer B.CrtYd) (width 0.05))
    (fp_line (start -1.8 1.8) (end -1.8 -6.85) (layer B.CrtYd) (width 0.05))
    (fp_line (start -1.33 1.33) (end 0 1.33) (layer B.SilkS) (width 0.12))
    (fp_line (start -1.33 0) (end -1.33 1.33) (layer B.SilkS) (width 0.12))
    (fp_line (start -1.33 -1.27) (end 1.33 -1.27) (layer B.SilkS) (width 0.12))
    (fp_line (start 1.33 -1.27) (end 1.33 -6.41) (layer B.SilkS) (width 0.12))
    (fp_line (start -1.33 -1.27) (end -1.33 -6.41) (layer B.SilkS) (width 0.12))
    (fp_line (start -1.33 -6.41) (end 1.33 -6.41) (layer B.SilkS) (width 0.12))
    (fp_line (start -1.27 0.635) (end -0.635 1.27) (layer B.Fab) (width 0.1))
    (fp_line (start -1.27 -6.35) (end -1.27 0.635) (layer B.Fab) (width 0.1))
    (fp_line (start 1.27 -6.35) (end -1.27 -6.35) (layer B.Fab) (width 0.1))
    (fp_line (start 1.27 1.27) (end 1.27 -6.35) (layer B.Fab) (width 0.1))
    (fp_line (start -0.635 1.27) (end 1.27 1.27) (layer B.Fab) (width 0.1))
    (pad 3 thru_hole oval (at 0 -5.08 90) (size 1.7 1.7) (drill 1) (layers *.Cu *.Mask)
      (net 7 "Net-(J2-Pad3)"))
    (pad 2 thru_hole oval (at 0 -2.54 90) (size 1.7 1.7) (drill 1) (layers *.Cu *.Mask)
      (net 6 "Net-(J2-Pad2)"))
    (pad 1 thru_hole rect (at 0 0 90) (size 1.7 1.7) (drill 1) (layers *.Cu *.Mask)
      (net 5 "Net-(J2-Pad1)"))
    (model ${KISYS3DMOD}/Connector_PinHeader_2.54mm.3dshapes/PinHeader_1x03_P2.54mm_Vertical.wrl
      (at (xyz 0 0 0))
      (scale (xyz 1 1 1))
      (rotate (xyz 0 0 0))
    )
  )

  (module LED_THT:LED_D5.0mm-4_RGB (layer F.Cu) (tedit 5D8859D2) (tstamp 5D745EBF)
    (at 129.883 48.481 90)
    (descr "LED, diameter 5.0mm, 2 pins, diameter 5.0mm, 3 pins, diameter 5.0mm, 4 pins, http://www.kingbright.com/attachments/file/psearch/000/00/00/L-154A4SUREQBFZGEW(Ver.9A).pdf")
    (tags "LED diameter 5.0mm 2 pins diameter 5.0mm 3 pins diameter 5.0mm 4 pins RGB RGBLED")
    (path /5D73DD13)
    (fp_text reference D1 (at 1.905 -3.96 90) (layer F.SilkS)
      (effects (font (size 1 1) (thickness 0.15)))
    )
    (fp_text value LED_ARGB (at 1.905 3.96 90) (layer F.Fab)
      (effects (font (size 1 1) (thickness 0.15)))
    )
    (fp_arc (start 1.905 0) (end -0.595 -1.469694) (angle 299.1) (layer F.Fab) (width 0.1))
    (fp_arc (start 1.905 0) (end -0.655 -1.54483) (angle 127.7) (layer F.SilkS) (width 0.12))
    (fp_arc (start 1.905 0) (end -0.655 1.54483) (angle -127.7) (layer F.SilkS) (width 0.12))
    (fp_arc (start 1.905 0) (end -0.349684 -1.08) (angle 128.8) (layer F.SilkS) (width 0.12))
    (fp_arc (start 1.905 0) (end -0.349684 1.08) (angle -128.8) (layer F.SilkS) (width 0.12))
    (fp_circle (center 1.905 0) (end 4.405 0) (layer F.Fab) (width 0.1))
    (fp_line (start -0.595 -1.469694) (end -0.595 1.469694) (layer F.Fab) (width 0.1))
    (fp_line (start -0.655 -1.545) (end -0.655 -1.08) (layer F.SilkS) (width 0.12))
    (fp_line (start -0.655 1.08) (end -0.655 1.545) (layer F.SilkS) (width 0.12))
    (fp_line (start -1.35 -3.25) (end -1.35 3.25) (layer F.CrtYd) (width 0.05))
    (fp_line (start -1.35 3.25) (end 5.15 3.25) (layer F.CrtYd) (width 0.05))
    (fp_line (start 5.15 3.25) (end 5.15 -3.25) (layer F.CrtYd) (width 0.05))
    (fp_line (start 5.15 -3.25) (end -1.35 -3.25) (layer F.CrtYd) (width 0.05))
    (fp_text user %R (at 1.905 -3.96 90) (layer F.Fab)
      (effects (font (size 1 1) (thickness 0.15)))
    )
    (pad 1 thru_hole oval (at 0 0 90) (size 1.07 1.8) (drill 0.9) (layers *.Cu *.Mask)
      (net 2 "Net-(D1-Pad2)"))
    (pad 2 thru_hole rect (at 1.27 0.635 90) (size 1.07 1.8) (drill 0.9) (layers *.Cu *.Mask)
      (net 1 "Net-(D1-Pad1)"))
    (pad 3 thru_hole oval (at 2.54 0 90) (size 1.07 1.8) (drill 0.9) (layers *.Cu *.Mask)
      (net 3 "Net-(D1-Pad3)"))
    (pad 4 thru_hole oval (at 3.81 0.635 90) (size 1.07 1.8) (drill 0.9) (layers *.Cu *.Mask)
      (net 4 "Net-(D1-Pad4)"))
    (model ${KISYS3DMOD}/LED_THT.3dshapes/LED_D5.0mm-4_RGB.wrl
      (at (xyz 0 0 0))
      (scale (xyz 1 1 1))
      (rotate (xyz 0 0 0))
    )
  )

  (module LED_THT:LED_D5.0mm-4_RGB (layer F.Cu) (tedit 5D885998) (tstamp 5D753E87)
    (at 158.157038 59.957962 45)
    (descr "LED, diameter 5.0mm, 2 pins, diameter 5.0mm, 3 pins, diameter 5.0mm, 4 pins, http://www.kingbright.com/attachments/file/psearch/000/00/00/L-154A4SUREQBFZGEW(Ver.9A).pdf")
    (tags "LED diameter 5.0mm 2 pins diameter 5.0mm 3 pins diameter 5.0mm 4 pins RGB RGBLED")
    (path /5D73DD13)
    (fp_text reference D1 (at 1.905 -3.96 45) (layer F.SilkS)
      (effects (font (size 1 1) (thickness 0.15)))
    )
    (fp_text value LED_ARGB (at 1.905 3.96 45) (layer F.Fab)
      (effects (font (size 1 1) (thickness 0.15)))
    )
    (fp_text user %R (at 1.905 -3.96 45) (layer F.Fab)
      (effects (font (size 1 1) (thickness 0.15)))
    )
    (fp_line (start 5.15 -3.25) (end -1.35 -3.25) (layer F.CrtYd) (width 0.05))
    (fp_line (start 5.15 3.25) (end 5.15 -3.25) (layer F.CrtYd) (width 0.05))
    (fp_line (start -1.35 3.25) (end 5.15 3.25) (layer F.CrtYd) (width 0.05))
    (fp_line (start -1.35 -3.25) (end -1.35 3.25) (layer F.CrtYd) (width 0.05))
    (fp_line (start -0.655 1.08) (end -0.655 1.545) (layer F.SilkS) (width 0.12))
    (fp_line (start -0.655 -1.545) (end -0.655 -1.08) (layer F.SilkS) (width 0.12))
    (fp_line (start -0.595 -1.469694) (end -0.595 1.469694) (layer F.Fab) (width 0.1))
    (fp_circle (center 1.905 0) (end 4.405 0) (layer F.Fab) (width 0.1))
    (fp_arc (start 1.905 0) (end -0.349684 1.08) (angle -128.8) (layer F.SilkS) (width 0.12))
    (fp_arc (start 1.905 0) (end -0.349684 -1.08) (angle 128.8) (layer F.SilkS) (width 0.12))
    (fp_arc (start 1.905 0) (end -0.655 1.54483) (angle -127.7) (layer F.SilkS) (width 0.12))
    (fp_arc (start 1.905 0) (end -0.655 -1.54483) (angle 127.7) (layer F.SilkS) (width 0.12))
    (fp_arc (start 1.905 0) (end -0.595 -1.469694) (angle 299.1) (layer F.Fab) (width 0.1))
    (pad 4 thru_hole oval (at 3.81 0.635 45) (size 1.07 1.8) (drill 0.9) (layers *.Cu *.Mask)
      (net 4 "Net-(D1-Pad4)"))
    (pad 3 thru_hole oval (at 2.54 0 45) (size 1.07 1.8) (drill 0.9) (layers *.Cu *.Mask)
      (net 3 "Net-(D1-Pad3)"))
    (pad 2 thru_hole rect (at 1.27 0.635 45) (size 1.07 1.8) (drill 0.9) (layers *.Cu *.Mask)
      (net 1 "Net-(D1-Pad1)"))
    (pad 1 thru_hole oval (at 0 0 45) (size 1.07 1.8) (drill 0.9) (layers *.Cu *.Mask)
      (net 2 "Net-(D1-Pad2)"))
    (model ${KISYS3DMOD}/LED_THT.3dshapes/LED_D5.0mm-4_RGB.wrl
      (at (xyz 0 0 0))
      (scale (xyz 1 1 1))
      (rotate (xyz 0 0 0))
    )
  )

  (module LED_THT:LED_D5.0mm-4_RGB (layer F.Cu) (tedit 5D885A00) (tstamp 5D7541E4)
    (at 99.467176 61.372176 135)
    (descr "LED, diameter 5.0mm, 2 pins, diameter 5.0mm, 3 pins, diameter 5.0mm, 4 pins, http://www.kingbright.com/attachments/file/psearch/000/00/00/L-154A4SUREQBFZGEW(Ver.9A).pdf")
    (tags "LED diameter 5.0mm 2 pins diameter 5.0mm 3 pins diameter 5.0mm 4 pins RGB RGBLED")
    (path /5D73DD13)
    (fp_text reference D1 (at 1.905 -3.96 135) (layer F.SilkS)
      (effects (font (size 1 1) (thickness 0.15)))
    )
    (fp_text value LED_ARGB (at 1.905 3.96 135) (layer F.Fab)
      (effects (font (size 1 1) (thickness 0.15)))
    )
    (fp_arc (start 1.905 0) (end -0.595 -1.469694) (angle 299.1) (layer F.Fab) (width 0.1))
    (fp_arc (start 1.905 0) (end -0.655 -1.54483) (angle 127.7) (layer F.SilkS) (width 0.12))
    (fp_arc (start 1.905 0) (end -0.655 1.54483) (angle -127.7) (layer F.SilkS) (width 0.12))
    (fp_arc (start 1.905 0) (end -0.349684 -1.08) (angle 128.8) (layer F.SilkS) (width 0.12))
    (fp_arc (start 1.905 0) (end -0.349684 1.08) (angle -128.8) (layer F.SilkS) (width 0.12))
    (fp_circle (center 1.905 0) (end 4.405 0) (layer F.Fab) (width 0.1))
    (fp_line (start -0.595 -1.469694) (end -0.595 1.469694) (layer F.Fab) (width 0.1))
    (fp_line (start -0.655 -1.545) (end -0.655 -1.08) (layer F.SilkS) (width 0.12))
    (fp_line (start -0.655 1.08) (end -0.655 1.545) (layer F.SilkS) (width 0.12))
    (fp_line (start -1.35 -3.25) (end -1.35 3.25) (layer F.CrtYd) (width 0.05))
    (fp_line (start -1.35 3.25) (end 5.15 3.25) (layer F.CrtYd) (width 0.05))
    (fp_line (start 5.15 3.25) (end 5.15 -3.25) (layer F.CrtYd) (width 0.05))
    (fp_line (start 5.15 -3.25) (end -1.35 -3.25) (layer F.CrtYd) (width 0.05))
    (fp_text user %R (at 1.905 -3.96 135) (layer F.Fab)
      (effects (font (size 1 1) (thickness 0.15)))
    )
    (pad 1 thru_hole oval (at 0 0 135) (size 1.07 1.8) (drill 0.9) (layers *.Cu *.Mask)
      (net 2 "Net-(D1-Pad2)"))
    (pad 2 thru_hole rect (at 1.27 0.635 135) (size 1.07 1.8) (drill 0.9) (layers *.Cu *.Mask)
      (net 1 "Net-(D1-Pad1)"))
    (pad 3 thru_hole oval (at 2.54 0 135) (size 1.07 1.8) (drill 0.9) (layers *.Cu *.Mask)
      (net 3 "Net-(D1-Pad3)"))
    (pad 4 thru_hole oval (at 3.81 0.635 135) (size 1.07 1.8) (drill 0.9) (layers *.Cu *.Mask)
      (net 4 "Net-(D1-Pad4)"))
    (model ${KISYS3DMOD}/LED_THT.3dshapes/LED_D5.0mm-4_RGB.wrl
      (at (xyz 0 0 0))
      (scale (xyz 1 1 1))
      (rotate (xyz 0 0 0))
    )
  )

  (module LED_THT:LED_D5.0mm-4_RGB (layer F.Cu) (tedit 5D88592C) (tstamp 5D754267)
    (at 88.21 90.01 180)
    (descr "LED, diameter 5.0mm, 2 pins, diameter 5.0mm, 3 pins, diameter 5.0mm, 4 pins, http://www.kingbright.com/attachments/file/psearch/000/00/00/L-154A4SUREQBFZGEW(Ver.9A).pdf")
    (tags "LED diameter 5.0mm 2 pins diameter 5.0mm 3 pins diameter 5.0mm 4 pins RGB RGBLED")
    (path /5D73DD13)
    (fp_text reference D1 (at 1.905 -3.96 180) (layer F.SilkS)
      (effects (font (size 1 1) (thickness 0.15)))
    )
    (fp_text value LED_ARGB (at 1.905 3.96 180) (layer F.Fab)
      (effects (font (size 1 1) (thickness 0.15)))
    )
    (fp_arc (start 1.905 0) (end -0.595 -1.469694) (angle 299.1) (layer F.Fab) (width 0.1))
    (fp_arc (start 1.905 0) (end -0.655 -1.54483) (angle 127.7) (layer F.SilkS) (width 0.12))
    (fp_arc (start 1.905 0) (end -0.655 1.54483) (angle -127.7) (layer F.SilkS) (width 0.12))
    (fp_arc (start 1.905 0) (end -0.349684 -1.08) (angle 128.8) (layer F.SilkS) (width 0.12))
    (fp_arc (start 1.905 0) (end -0.349684 1.08) (angle -128.8) (layer F.SilkS) (width 0.12))
    (fp_circle (center 1.905 0) (end 4.405 0) (layer F.Fab) (width 0.1))
    (fp_line (start -0.595 -1.469694) (end -0.595 1.469694) (layer F.Fab) (width 0.1))
    (fp_line (start -0.655 -1.545) (end -0.655 -1.08) (layer F.SilkS) (width 0.12))
    (fp_line (start -0.655 1.08) (end -0.655 1.545) (layer F.SilkS) (width 0.12))
    (fp_line (start -1.35 -3.25) (end -1.35 3.25) (layer F.CrtYd) (width 0.05))
    (fp_line (start -1.35 3.25) (end 5.15 3.25) (layer F.CrtYd) (width 0.05))
    (fp_line (start 5.15 3.25) (end 5.15 -3.25) (layer F.CrtYd) (width 0.05))
    (fp_line (start 5.15 -3.25) (end -1.35 -3.25) (layer F.CrtYd) (width 0.05))
    (fp_text user %R (at 1.905 -3.96 180) (layer F.Fab)
      (effects (font (size 1 1) (thickness 0.15)))
    )
    (pad 1 thru_hole oval (at 0 0 180) (size 1.07 1.8) (drill 0.9) (layers *.Cu *.Mask)
      (net 2 "Net-(D1-Pad2)"))
    (pad 2 thru_hole rect (at 1.27 0.635 180) (size 1.07 1.8) (drill 0.9) (layers *.Cu *.Mask)
      (net 1 "Net-(D1-Pad1)"))
    (pad 3 thru_hole oval (at 2.54 0 180) (size 1.07 1.8) (drill 0.9) (layers *.Cu *.Mask)
      (net 3 "Net-(D1-Pad3)"))
    (pad 4 thru_hole oval (at 3.81 0.635 180) (size 1.07 1.8) (drill 0.9) (layers *.Cu *.Mask)
      (net 4 "Net-(D1-Pad4)"))
    (model ${KISYS3DMOD}/LED_THT.3dshapes/LED_D5.0mm-4_RGB.wrl
      (at (xyz 0 0 0))
      (scale (xyz 1 1 1))
      (rotate (xyz 0 0 0))
    )
  )

  (module LED_THT:LED_D5.0mm-4_RGB (layer F.Cu) (tedit 5D885974) (tstamp 5D753EDC)
    (at 171.51 89.31)
    (descr "LED, diameter 5.0mm, 2 pins, diameter 5.0mm, 3 pins, diameter 5.0mm, 4 pins, http://www.kingbright.com/attachments/file/psearch/000/00/00/L-154A4SUREQBFZGEW(Ver.9A).pdf")
    (tags "LED diameter 5.0mm 2 pins diameter 5.0mm 3 pins diameter 5.0mm 4 pins RGB RGBLED")
    (path /5D73DD13)
    (fp_text reference D1 (at 1.905 -3.96) (layer F.SilkS)
      (effects (font (size 1 1) (thickness 0.15)))
    )
    (fp_text value LED_ARGB (at 1.905 3.96) (layer F.Fab)
      (effects (font (size 1 1) (thickness 0.15)))
    )
    (fp_text user %R (at 1.905 -3.96) (layer F.Fab)
      (effects (font (size 1 1) (thickness 0.15)))
    )
    (fp_line (start 5.15 -3.25) (end -1.35 -3.25) (layer F.CrtYd) (width 0.05))
    (fp_line (start 5.15 3.25) (end 5.15 -3.25) (layer F.CrtYd) (width 0.05))
    (fp_line (start -1.35 3.25) (end 5.15 3.25) (layer F.CrtYd) (width 0.05))
    (fp_line (start -1.35 -3.25) (end -1.35 3.25) (layer F.CrtYd) (width 0.05))
    (fp_line (start -0.655 1.08) (end -0.655 1.545) (layer F.SilkS) (width 0.12))
    (fp_line (start -0.655 -1.545) (end -0.655 -1.08) (layer F.SilkS) (width 0.12))
    (fp_line (start -0.595 -1.469694) (end -0.595 1.469694) (layer F.Fab) (width 0.1))
    (fp_circle (center 1.905 0) (end 4.405 0) (layer F.Fab) (width 0.1))
    (fp_arc (start 1.905 0) (end -0.349684 1.08) (angle -128.8) (layer F.SilkS) (width 0.12))
    (fp_arc (start 1.905 0) (end -0.349684 -1.08) (angle 128.8) (layer F.SilkS) (width 0.12))
    (fp_arc (start 1.905 0) (end -0.655 1.54483) (angle -127.7) (layer F.SilkS) (width 0.12))
    (fp_arc (start 1.905 0) (end -0.655 -1.54483) (angle 127.7) (layer F.SilkS) (width 0.12))
    (fp_arc (start 1.905 0) (end -0.595 -1.469694) (angle 299.1) (layer F.Fab) (width 0.1))
    (pad 4 thru_hole oval (at 3.81 0.635) (size 1.07 1.8) (drill 0.9) (layers *.Cu *.Mask)
      (net 4 "Net-(D1-Pad4)"))
    (pad 3 thru_hole oval (at 2.54 0) (size 1.07 1.8) (drill 0.9) (layers *.Cu *.Mask)
      (net 3 "Net-(D1-Pad3)"))
    (pad 2 thru_hole rect (at 1.27 0.635) (size 1.07 1.8) (drill 0.9) (layers *.Cu *.Mask)
      (net 1 "Net-(D1-Pad1)"))
    (pad 1 thru_hole oval (at 0 0) (size 1.07 1.8) (drill 0.9) (layers *.Cu *.Mask)
      (net 2 "Net-(D1-Pad2)"))
    (model ${KISYS3DMOD}/LED_THT.3dshapes/LED_D5.0mm-4_RGB.wrl
      (at (xyz 0 0 0))
      (scale (xyz 1 1 1))
      (rotate (xyz 0 0 0))
    )
  )

  (module LED_THT:LED_D5.0mm-4_RGB (layer F.Cu) (tedit 5D8858BE) (tstamp 5D753DEE)
    (at 159.728 118.839 315)
    (descr "LED, diameter 5.0mm, 2 pins, diameter 5.0mm, 3 pins, diameter 5.0mm, 4 pins, http://www.kingbright.com/attachments/file/psearch/000/00/00/L-154A4SUREQBFZGEW(Ver.9A).pdf")
    (tags "LED diameter 5.0mm 2 pins diameter 5.0mm 3 pins diameter 5.0mm 4 pins RGB RGBLED")
    (path /5D73DD13)
    (fp_text reference D1 (at 1.905 -3.96 315) (layer F.SilkS)
      (effects (font (size 1 1) (thickness 0.15)))
    )
    (fp_text value LED_ARGB (at 1.905 3.96 315) (layer F.Fab)
      (effects (font (size 1 1) (thickness 0.15)))
    )
    (fp_text user %R (at 1.905 -3.96 315) (layer F.Fab)
      (effects (font (size 1 1) (thickness 0.15)))
    )
    (fp_line (start 5.15 -3.25) (end -1.35 -3.25) (layer F.CrtYd) (width 0.05))
    (fp_line (start 5.15 3.25) (end 5.15 -3.25) (layer F.CrtYd) (width 0.05))
    (fp_line (start -1.35 3.25) (end 5.15 3.25) (layer F.CrtYd) (width 0.05))
    (fp_line (start -1.35 -3.25) (end -1.35 3.25) (layer F.CrtYd) (width 0.05))
    (fp_line (start -0.655 1.08) (end -0.655 1.545) (layer F.SilkS) (width 0.12))
    (fp_line (start -0.655 -1.545) (end -0.655 -1.08) (layer F.SilkS) (width 0.12))
    (fp_line (start -0.595 -1.469694) (end -0.595 1.469694) (layer F.Fab) (width 0.1))
    (fp_circle (center 1.905 0) (end 4.405 0) (layer F.Fab) (width 0.1))
    (fp_arc (start 1.905 0) (end -0.349684 1.08) (angle -128.8) (layer F.SilkS) (width 0.12))
    (fp_arc (start 1.905 0) (end -0.349684 -1.08) (angle 128.8) (layer F.SilkS) (width 0.12))
    (fp_arc (start 1.905 0) (end -0.655 1.54483) (angle -127.7) (layer F.SilkS) (width 0.12))
    (fp_arc (start 1.905 0) (end -0.655 -1.54483) (angle 127.7) (layer F.SilkS) (width 0.12))
    (fp_arc (start 1.905 0) (end -0.595 -1.469694) (angle 299.1) (layer F.Fab) (width 0.1))
    (pad 4 thru_hole oval (at 3.81 0.635 315) (size 1.07 1.8) (drill 0.9) (layers *.Cu *.Mask)
      (net 4 "Net-(D1-Pad4)"))
    (pad 3 thru_hole oval (at 2.54 0 315) (size 1.07 1.8) (drill 0.9) (layers *.Cu *.Mask)
      (net 3 "Net-(D1-Pad3)"))
    (pad 2 thru_hole rect (at 1.27 0.635 315) (size 1.07 1.8) (drill 0.9) (layers *.Cu *.Mask)
      (net 1 "Net-(D1-Pad1)"))
    (pad 1 thru_hole oval (at 0 0 315) (size 1.07 1.8) (drill 0.9) (layers *.Cu *.Mask)
      (net 2 "Net-(D1-Pad2)"))
    (model ${KISYS3DMOD}/LED_THT.3dshapes/LED_D5.0mm-4_RGB.wrl
      (at (xyz 0 0 0))
      (scale (xyz 1 1 1))
      (rotate (xyz 0 0 0))
    )
  )

  (module LED_THT:LED_D5.0mm-4_RGB (layer F.Cu) (tedit 5D88586A) (tstamp 5D7540F7)
    (at 130.01 131.539 270)
    (descr "LED, diameter 5.0mm, 2 pins, diameter 5.0mm, 3 pins, diameter 5.0mm, 4 pins, http://www.kingbright.com/attachments/file/psearch/000/00/00/L-154A4SUREQBFZGEW(Ver.9A).pdf")
    (tags "LED diameter 5.0mm 2 pins diameter 5.0mm 3 pins diameter 5.0mm 4 pins RGB RGBLED")
    (path /5D73DD13)
    (fp_text reference D1 (at 1.905 -3.96 270) (layer F.SilkS)
      (effects (font (size 1 1) (thickness 0.15)))
    )
    (fp_text value LED_ARGB (at 1.905 3.96 270) (layer F.Fab)
      (effects (font (size 1 1) (thickness 0.15)))
    )
    (fp_arc (start 1.905 0) (end -0.595 -1.469694) (angle 299.1) (layer F.Fab) (width 0.1))
    (fp_arc (start 1.905 0) (end -0.655 -1.54483) (angle 127.7) (layer F.SilkS) (width 0.12))
    (fp_arc (start 1.905 0) (end -0.655 1.54483) (angle -127.7) (layer F.SilkS) (width 0.12))
    (fp_arc (start 1.905 0) (end -0.349684 -1.08) (angle 128.8) (layer F.SilkS) (width 0.12))
    (fp_arc (start 1.905 0) (end -0.349684 1.08) (angle -128.8) (layer F.SilkS) (width 0.12))
    (fp_circle (center 1.905 0) (end 4.405 0) (layer F.Fab) (width 0.1))
    (fp_line (start -0.595 -1.469694) (end -0.595 1.469694) (layer F.Fab) (width 0.1))
    (fp_line (start -0.655 -1.545) (end -0.655 -1.08) (layer F.SilkS) (width 0.12))
    (fp_line (start -0.655 1.08) (end -0.655 1.545) (layer F.SilkS) (width 0.12))
    (fp_line (start -1.35 -3.25) (end -1.35 3.25) (layer F.CrtYd) (width 0.05))
    (fp_line (start -1.35 3.25) (end 5.15 3.25) (layer F.CrtYd) (width 0.05))
    (fp_line (start 5.15 3.25) (end 5.15 -3.25) (layer F.CrtYd) (width 0.05))
    (fp_line (start 5.15 -3.25) (end -1.35 -3.25) (layer F.CrtYd) (width 0.05))
    (fp_text user %R (at 1.905 -3.96 270) (layer F.Fab)
      (effects (font (size 1 1) (thickness 0.15)))
    )
    (pad 1 thru_hole oval (at 0 0 270) (size 1.07 1.8) (drill 0.9) (layers *.Cu *.Mask)
      (net 2 "Net-(D1-Pad2)"))
    (pad 2 thru_hole rect (at 1.27 0.635 270) (size 1.07 1.8) (drill 0.9) (layers *.Cu *.Mask)
      (net 1 "Net-(D1-Pad1)"))
    (pad 3 thru_hole oval (at 2.54 0 270) (size 1.07 1.8) (drill 0.9) (layers *.Cu *.Mask)
      (net 3 "Net-(D1-Pad3)"))
    (pad 4 thru_hole oval (at 3.81 0.635 270) (size 1.07 1.8) (drill 0.9) (layers *.Cu *.Mask)
      (net 4 "Net-(D1-Pad4)"))
    (model ${KISYS3DMOD}/LED_THT.3dshapes/LED_D5.0mm-4_RGB.wrl
      (at (xyz 0 0 0))
      (scale (xyz 1 1 1))
      (rotate (xyz 0 0 0))
    )
  )

  (module OptoDevice:Vishay_MINICAST-3Pin (layer F.Cu) (tedit 5D7500EC) (tstamp 5D752D8E)
    (at 144.152135 104.163135 45)
    (descr "IR Receiver Vishay TSOP-xxxx, MINICAST package, see https://www.vishay.com/docs/82669/tsop32s40f.pdf")
    (tags "IR Receiver Vishay TSOP-xxxx MINICAST")
    (path /5D5A22C4)
    (fp_text reference U1 (at -0.04 -2.4 45) (layer F.SilkS)
      (effects (font (size 1 1) (thickness 0.15)))
    )
    (fp_text value TSOP59540TR1 (at 0.01 4.6 45) (layer F.Fab)
      (effects (font (size 1 1) (thickness 0.15)))
    )
    (fp_text user %R (at 0 0 -135) (layer F.Fab)
      (effects (font (size 1 1) (thickness 0.15)))
    )
    (fp_line (start 2.6 -1.16) (end 2.6 -1.51) (layer F.SilkS) (width 0.12))
    (fp_line (start 2.6 -1.51) (end 0 -1.51) (layer F.SilkS) (width 0.12))
    (fp_line (start 2.6 1.16) (end 2.6 1.5) (layer F.SilkS) (width 0.12))
    (fp_line (start 2.6 1.5) (end -2.49 1.5) (layer F.SilkS) (width 0.12))
    (fp_line (start -1.75 -1.4) (end 2.5 -1.4) (layer F.Fab) (width 0.1))
    (fp_line (start 2.5 -1.4) (end 2.5 1.4) (layer F.Fab) (width 0.1))
    (fp_line (start 2.5 1.4) (end -2.5 1.4) (layer F.Fab) (width 0.1))
    (fp_line (start -2.5 1.4) (end -2.5 -0.65) (layer F.Fab) (width 0.1))
    (fp_line (start -3.69 -1.65) (end 3.69 -1.65) (layer F.CrtYd) (width 0.05))
    (fp_line (start -3.69 -1.65) (end -3.69 3.7) (layer F.CrtYd) (width 0.05))
    (fp_line (start 3.69 3.7) (end 3.69 -1.65) (layer F.CrtYd) (width 0.05))
    (fp_line (start 3.69 3.7) (end -3.69 3.7) (layer F.CrtYd) (width 0.05))
    (fp_arc (start 0 1.4) (end 2.1 1.5) (angle 174.5) (layer F.SilkS) (width 0.12))
    (fp_arc (start 0 1.4) (end 2 1.4) (angle 180) (layer F.Fab) (width 0.1))
    (fp_line (start -1.75 -1.4) (end -2.5 -0.65) (layer F.Fab) (width 0.1))
    (pad 1 thru_hole roundrect (at -2.54 0 45) (size 1.8 1.8) (drill 0.9) (layers *.Cu *.Mask) (roundrect_rratio 0.139)
      (net 5 "Net-(J2-Pad1)"))
    (pad 2 thru_hole circle (at 0 0 45) (size 1.8 1.8) (drill 0.9) (layers *.Cu *.Mask)
      (net 6 "Net-(J2-Pad2)"))
    (pad 3 thru_hole circle (at 2.54 0 45) (size 1.8 1.8) (drill 0.9) (layers *.Cu *.Mask)
      (net 7 "Net-(J2-Pad3)"))
    (model ${KISYS3DMOD}/OptoDevice.3dshapes/Vishay_MINICAST-3Pin.wrl
      (at (xyz 0 0 0))
      (scale (xyz 1 1 1))
      (rotate (xyz 0 0 0))
    )
  )

  (module OptoDevice:Vishay_MINICAST-3Pin (layer F.Cu) (tedit 5D74DBE1) (tstamp 5D74940B)
    (at 130.01 90.021 180)
    (descr "IR Receiver Vishay TSOP-xxxx, MINICAST package, see https://www.vishay.com/docs/82669/tsop32s40f.pdf")
    (tags "IR Receiver Vishay TSOP-xxxx MINICAST")
    (path /5D5A22C4)
    (fp_text reference U1 (at -0.04 -2.4 180) (layer F.SilkS)
      (effects (font (size 1 1) (thickness 0.15)))
    )
    (fp_text value TSOP59540TR1 (at 0.01 4.6 180) (layer F.Fab)
      (effects (font (size 1 1) (thickness 0.15)))
    )
    (fp_line (start -1.75 -1.4) (end -2.5 -0.65) (layer F.Fab) (width 0.1))
    (fp_arc (start 0 1.4) (end 2 1.4) (angle 180) (layer F.Fab) (width 0.1))
    (fp_arc (start 0 1.4) (end 2.1 1.5) (angle 174.5) (layer F.SilkS) (width 0.12))
    (fp_line (start 3.69 3.7) (end -3.69 3.7) (layer F.CrtYd) (width 0.05))
    (fp_line (start 3.69 3.7) (end 3.69 -1.65) (layer F.CrtYd) (width 0.05))
    (fp_line (start -3.69 -1.65) (end -3.69 3.7) (layer F.CrtYd) (width 0.05))
    (fp_line (start -3.69 -1.65) (end 3.69 -1.65) (layer F.CrtYd) (width 0.05))
    (fp_line (start -2.5 1.4) (end -2.5 -0.65) (layer F.Fab) (width 0.1))
    (fp_line (start 2.5 1.4) (end -2.5 1.4) (layer F.Fab) (width 0.1))
    (fp_line (start 2.5 -1.4) (end 2.5 1.4) (layer F.Fab) (width 0.1))
    (fp_line (start -1.75 -1.4) (end 2.5 -1.4) (layer F.Fab) (width 0.1))
    (fp_line (start 2.6 1.5) (end -2.49 1.5) (layer F.SilkS) (width 0.12))
    (fp_line (start 2.6 1.16) (end 2.6 1.5) (layer F.SilkS) (width 0.12))
    (fp_line (start 2.6 -1.51) (end 0 -1.51) (layer F.SilkS) (width 0.12))
    (fp_line (start 2.6 -1.16) (end 2.6 -1.51) (layer F.SilkS) (width 0.12))
    (fp_text user %R (at 0 0) (layer F.Fab)
      (effects (font (size 1 1) (thickness 0.15)))
    )
    (pad 3 thru_hole circle (at 2.54 0 180) (size 1.8 1.8) (drill 0.9) (layers *.Cu *.Mask)
      (net 7 "Net-(J2-Pad3)"))
    (pad 2 thru_hole circle (at 0 0 180) (size 1.8 1.8) (drill 0.9) (layers *.Cu *.Mask)
      (net 6 "Net-(J2-Pad2)"))
    (pad 1 thru_hole roundrect (at -2.54 0 180) (size 1.8 1.8) (drill 0.9) (layers *.Cu *.Mask) (roundrect_rratio 0.139)
      (net 5 "Net-(J2-Pad1)"))
    (model ${KISYS3DMOD}/OptoDevice.3dshapes/Vishay_MINICAST-3Pin.wrl
      (at (xyz 0 0 0))
      (scale (xyz 1 1 1))
      (rotate (xyz 0 0 0))
    )
  )

  (module LED_THT:LED_D5.0mm-4_RGB (layer F.Cu) (tedit 5D885908) (tstamp 5D754178)
    (at 99.467176 118.647824 225)
    (descr "LED, diameter 5.0mm, 2 pins, diameter 5.0mm, 3 pins, diameter 5.0mm, 4 pins, http://www.kingbright.com/attachments/file/psearch/000/00/00/L-154A4SUREQBFZGEW(Ver.9A).pdf")
    (tags "LED diameter 5.0mm 2 pins diameter 5.0mm 3 pins diameter 5.0mm 4 pins RGB RGBLED")
    (path /5D73DD13)
    (fp_text reference D1 (at 1.905 -3.96 225) (layer F.SilkS)
      (effects (font (size 1 1) (thickness 0.15)))
    )
    (fp_text value LED_ARGB (at 1.905 3.96 225) (layer F.Fab)
      (effects (font (size 1 1) (thickness 0.15)))
    )
    (fp_arc (start 1.905 0) (end -0.595 -1.469694) (angle 299.1) (layer F.Fab) (width 0.1))
    (fp_arc (start 1.905 0) (end -0.655 -1.54483) (angle 127.7) (layer F.SilkS) (width 0.12))
    (fp_arc (start 1.905 0) (end -0.655 1.54483) (angle -127.7) (layer F.SilkS) (width 0.12))
    (fp_arc (start 1.905 0) (end -0.349684 -1.08) (angle 128.8) (layer F.SilkS) (width 0.12))
    (fp_arc (start 1.905 0) (end -0.349684 1.08) (angle -128.8) (layer F.SilkS) (width 0.12))
    (fp_circle (center 1.905 0) (end 4.405 0) (layer F.Fab) (width 0.1))
    (fp_line (start -0.595 -1.469694) (end -0.595 1.469694) (layer F.Fab) (width 0.1))
    (fp_line (start -0.655 -1.545) (end -0.655 -1.08) (layer F.SilkS) (width 0.12))
    (fp_line (start -0.655 1.08) (end -0.655 1.545) (layer F.SilkS) (width 0.12))
    (fp_line (start -1.35 -3.25) (end -1.35 3.25) (layer F.CrtYd) (width 0.05))
    (fp_line (start -1.35 3.25) (end 5.15 3.25) (layer F.CrtYd) (width 0.05))
    (fp_line (start 5.15 3.25) (end 5.15 -3.25) (layer F.CrtYd) (width 0.05))
    (fp_line (start 5.15 -3.25) (end -1.35 -3.25) (layer F.CrtYd) (width 0.05))
    (fp_text user %R (at 1.905 -3.96 225) (layer F.Fab)
      (effects (font (size 1 1) (thickness 0.15)))
    )
    (pad 1 thru_hole oval (at 0 0 225) (size 1.07 1.8) (drill 0.9) (layers *.Cu *.Mask)
      (net 2 "Net-(D1-Pad2)"))
    (pad 2 thru_hole rect (at 1.27 0.635 225) (size 1.07 1.8) (drill 0.9) (layers *.Cu *.Mask)
      (net 1 "Net-(D1-Pad1)"))
    (pad 3 thru_hole oval (at 2.54 0 225) (size 1.07 1.8) (drill 0.9) (layers *.Cu *.Mask)
      (net 3 "Net-(D1-Pad3)"))
    (pad 4 thru_hole oval (at 3.81 0.635 225) (size 1.07 1.8) (drill 0.9) (layers *.Cu *.Mask)
      (net 4 "Net-(D1-Pad4)"))
    (model ${KISYS3DMOD}/LED_THT.3dshapes/LED_D5.0mm-4_RGB.wrl
      (at (xyz 0 0 0))
      (scale (xyz 1 1 1))
      (rotate (xyz 0 0 0))
    )
  )

  (gr_text ver.1.2 (at 140.01 117.01) (layer F.SilkS)
    (effects (font (size 1.5 1.5) (thickness 0.3)))
  )
  (gr_text HS-TAGLED_001[100mm] (at 130.01 114.01) (layer F.SilkS)
    (effects (font (size 1.5 1.5) (thickness 0.3)))
  )
  (gr_circle (center 129.655143 90.11) (end 177.155142 90.11) (layer Edge.Cuts) (width 0.2))

  (segment (start 131.16 132.809) (end 130.01 132.809) (width 0.25) (layer F.Cu) (net 1))
  (segment (start 130.01 132.809) (end 122.644 132.809) (width 0.25) (layer F.Cu) (net 1))
  (segment (start 122.644 132.809) (end 120.358 130.523) (width 0.25) (layer F.Cu) (net 1))
  (segment (start 120.358 130.523) (end 114.262 130.523) (width 0.25) (layer F.Cu) (net 1))
  (segment (start 114.262 130.523) (end 113.881 130.523) (width 0.25) (layer F.Cu) (net 1))
  (segment (start 113.881 130.523) (end 108.039 124.681) (width 0.25) (layer F.Cu) (net 1))
  (segment (start 108.039 124.681) (end 107.9755 124.6175) (width 0.25) (layer F.Cu) (net 1))
  (segment (start 107.9755 124.6175) (end 107.912 124.554) (width 0.25) (layer F.Cu) (net 1))
  (segment (start 103.6408 124.6175) (end 98.56915 119.54585) (width 0.25) (layer F.Cu) (net 1))
  (segment (start 107.9755 124.6175) (end 103.6408 124.6175) (width 0.25) (layer F.Cu) (net 1))
  (segment (start 133.81 131.168) (end 133.81 127.91) (width 0.25) (layer B.Cu) (net 1))
  (segment (start 132.169 132.809) (end 133.81 131.168) (width 0.25) (layer B.Cu) (net 1))
  (segment (start 129.375 132.809) (end 132.169 132.809) (width 0.25) (layer B.Cu) (net 1))
  (segment (start 137.249 132.809) (end 130.01 132.809) (width 0.25) (layer F.Cu) (net 1))
  (segment (start 145.631 124.427) (end 137.249 132.809) (width 0.25) (layer F.Cu) (net 1))
  (segment (start 155.936052 124.427) (end 145.631 124.427) (width 0.25) (layer F.Cu) (net 1))
  (segment (start 163.048052 117.315) (end 155.936052 124.427) (width 0.25) (layer F.Cu) (net 1))
  (segment (start 163.048052 110.171948) (end 163.048052 117.315) (width 0.25) (layer F.Cu) (net 1))
  (segment (start 172.78 91.095) (end 169.91 93.965) (width 0.25) (layer F.Cu) (net 1))
  (segment (start 172.78 89.945) (end 172.78 91.095) (width 0.25) (layer F.Cu) (net 1))
  (segment (start 169.91 93.965) (end 169.91 98.41) (width 0.25) (layer F.Cu) (net 1))
  (segment (start 169.91 98.41) (end 164.61 103.71) (width 0.25) (layer F.Cu) (net 1))
  (segment (start 164.61 103.71) (end 164.61 108.61) (width 0.25) (layer F.Cu) (net 1))
  (segment (start 164.61 108.61) (end 163.048052 110.171948) (width 0.25) (layer F.Cu) (net 1))
  (segment (start 159.504076 60.365553) (end 163.71 64.571477) (width 0.25) (layer F.Cu) (net 1))
  (segment (start 172.78 85.48) (end 172.78 89.945) (width 0.25) (layer F.Cu) (net 1))
  (segment (start 163.71 64.571477) (end 163.71 70.61) (width 0.25) (layer F.Cu) (net 1))
  (segment (start 159.504076 59.508949) (end 159.504076 60.365553) (width 0.25) (layer F.Cu) (net 1))
